supervivientes_por_generacion = [44, 40, 42, 44, 48, 50, 44, 49, 46, 47]
media_pasos_por_generacion = [302.3636363636364, 228.975, 216.4047619047619, 246.9090909090909, 236.85416666666666, 164.0, 210.36363636363637, 119.66666666666667, 121.41304347826087, 95.67391304347827]
asesinados_por_generacion = [0, 44, 40, 36, 32, 16, 39, 33, 28, 31]
media_probabilidad_derecha_por_generacion = [0.11000000000000001, 0.14575, 0.17089285714285718, 0.21749999999999997, 0.2623958333333332, 0.3346749999999999, 0.44718749999999985, 0.5501790364583331, 0.7741661005434781, 0.9898925781249998]
